[gd_scene load_steps=8 format=2]

[ext_resource path="res://scripts/delete_controller.gd" type="Script" id=1]
[ext_resource path="res://scenes/text_label_2d.tscn" type="PackedScene" id=2]
[ext_resource path="res://scripts/ammeter_controller.gd" type="Script" id=3]
[ext_resource path="res://scenes/controller_right.tscn" type="PackedScene" id=4]
[ext_resource path="res://scripts/voltmeter_controller.gd" type="Script" id=5]
[ext_resource path="res://scripts/base_controller.gd" type="Script" id=6]

[sub_resource type="CubeMesh" id=1]

[node name="Feature_ControllerModel_Right" type="Spatial"]

[node name="DefaultController" type="Spatial" parent="."]
script = ExtResource( 6 )

[node name="ControllerRight" parent="DefaultController" instance=ExtResource( 4 )]
transform = Transform( 1, 0, 0, 0, 0.82086, 0.571129, 0, -0.571129, 0.82086, 0.019, -0.029, 0.03 )

[node name="DeleteController" type="Spatial" parent="."]
script = ExtResource( 1 )

[node name="ControllerRight" parent="DeleteController" instance=ExtResource( 4 )]
transform = Transform( 1, 0, 0, 0, 0.82086, 0.571129, 0, -0.571129, 0.82086, 0.019, -0.029, 0.03 )

[node name="AmmeterController" type="Spatial" parent="."]
script = ExtResource( 3 )

[node name="TitleLabel" parent="AmmeterController" instance=ExtResource( 2 )]
transform = Transform( 0.764953, 0, 0, 0, 0.172547, 0.707107, 0, -0.172548, 0.707107, 0.009, 0.061, -0.057 )
text = "Amperemeter"
font_size_multiplier = 3.0
h_align = 1
v_align = 1

[node name="BodyLabel" parent="AmmeterController" instance=ExtResource( 2 )]
transform = Transform( 0.764953, 0, 0, 0, 0.172547, 0.707107, 0, -0.172548, 0.707107, 0.009, 0.0389313, -0.0349313 )
text = "5.0 A"
font_size_multiplier = 2.0
h_align = 1
v_align = 1

[node name="MeshInstance" type="MeshInstance" parent="AmmeterController"]
transform = Transform( 0.04, 0, 0, 0, 0.00141421, -0.0282843, 0, 0.00141421, 0.0282843, 0.00902592, 0.0407132, -0.0407132 )
mesh = SubResource( 1 )
material/0 = null

[node name="ControllerRight" parent="AmmeterController" instance=ExtResource( 4 )]
transform = Transform( 1, 0, 0, 0, 0.82086, 0.571129, 0, -0.571129, 0.82086, 0.019, -0.029, 0.03 )

[node name="VoltmeterController" type="Spatial" parent="."]
script = ExtResource( 5 )

[node name="TitleLabel" parent="VoltmeterController" instance=ExtResource( 2 )]
transform = Transform( 0.764953, 0, 0, 0, 0.172547, 0.707107, 0, -0.172548, 0.707107, 0.009, 0.061, -0.057 )
text = "Voltmeter"
font_size_multiplier = 3.0
h_align = 1
v_align = 1

[node name="BodyLabel" parent="VoltmeterController" instance=ExtResource( 2 )]
transform = Transform( 0.764953, 0, 0, 0, 0.172547, 0.707107, 0, -0.172548, 0.707107, 0.009, 0.0389313, -0.0349313 )
text = "3.0 V"
font_size_multiplier = 2.0
h_align = 1
v_align = 1

[node name="MeshInstance" type="MeshInstance" parent="VoltmeterController"]
transform = Transform( 0.04, 0, 0, 0, 0.00141421, -0.0282843, 0, 0.00141421, 0.0282843, 0.00902592, 0.0407132, -0.0407132 )
mesh = SubResource( 1 )
material/0 = null

[node name="ControllerRight" parent="VoltmeterController" instance=ExtResource( 4 )]
transform = Transform( 1, 0, 0, 0, 0.82086, 0.571129, 0, -0.571129, 0.82086, 0.019, -0.029, 0.03 )
